商塔道馆二层.png
32/20
1 1 1 1 1 1 1 1 1 1 1 1 1 1 1 1 1 1 1 1 1 1 1 1 1 1 1 1 1 1 1 1 
1 0 1 1 1 1 0 1 1 1 1 1 1 1 1 1 1 1 1 1 1 1 1 1 1 1 1 1 1 1 0 0 
1 0 1 1 1 1 0 1 1 1 1 1 1 1 0 0 0 0 0 0 0 0 0 0 0 0 0 0 0 1 0 0 
1 0 1 1 1 1 0 1 1 0 0 0 0 0 0 0 0 0 0 0 0 0 0 0 0 0 0 0 0 1 0 0 
1 0 1 1 1 0 0 0 0 0 0 1 0 1 0 0 0 1 0 0 0 0 0 0 0 0 0 0 0 1 0 0 
1 0 1 1 1 0 0 0 0 0 0 1 1 1 1 0 0 1 1 1 1 0 0 0 0 0 0 0 0 1 0 0 
1 0 1 1 1 0 0 0 0 0 0 1 1 1 1 0 0 1 1 1 1 0 0 0 0 0 0 0 0 1 0 0 
1 0 0 1 1 1 0 0 0 0 0 0 0 0 0 0 0 0 0 0 0 0 0 0 0 0 0 0 0 0 1 0 
1 0 1 1 1 0 0 0 0 0 0 0 1 1 1 0 1 1 1 1 0 0 0 0 0 0 0 0 0 1 0 0 
1 0 1 1 1 0 0 0 0 0 0 1 1 1 1 1 0 1 1 1 1 0 0 0 0 0 0 0 0 1 0 0 
1 0 1 1 1 0 0 0 0 0 0 0 0 0 0 0 0 0 0 0 0 0 0 0 0 0 0 0 0 1 0 0 
1 0 1 1 1 0 0 0 0 0 0 0 1 1 1 0 0 1 1 1 0 0 0 0 0 0 0 0 0 1 0 0 
1 0 1 1 1 0 0 0 0 0 0 1 1 1 1 0 0 1 1 1 0 0 0 0 0 0 0 0 0 1 0 0 
1 0 1 1 0 0 0 0 0 0 0 0 0 0 1 0 0 0 1 0 0 0 0 0 0 0 0 1 1 1 0 0 
1 0 1 1 1 0 0 0 0 0 0 0 0 0 0 0 0 0 0 0 0 0 0 0 0 0 0 1 1 1 0 0 
1 0 1 1 1 0 0 0 0 0 0 0 0 0 0 0 0 0 0 0 0 0 0 0 0 0 0 1 1 1 0 0 
1 0 1 1 1 1 0 0 1 0 1 1 1 1 0 0 0 0 0 1 1 1 1 1 1 0 0 1 1 1 0 0 
1 0 1 1 1 1 1 1 1 1 1 1 1 1 1 1 1 1 1 1 1 1 1 1 1 1 1 1 1 1 0 0 
1 0 0 0 0 0 0 0 0 0 0 0 0 0 0 0 0 0 0 0 0 0 0 0 0 0 0 0 0 0 0 0 
1 0 0 0 0 0 0 0 0 0 0 0 0 0 0 0 0 0 0 0 0 0 0 0 0 0 0 0 0 0 0 0 
NPC
2 22 2 5 商塔荣誉堂主 韶华不为少年留。恨悠悠。几时休。飞絮落花时候、一登楼。便做春江都是泪，流不尽，许多愁。;少年，时光易逝，珍惜在金陵大学堂的时光啊！ 
SelectQuestion
2
商塔荣誉堂主 ：哦，小凡？这次换个哲学题吧！
“恩・・・那再试一次！”
“更不会了・・・・！”
Question
我们金陵大学堂除了武艺造诣神州大地无人能敌，
同样也是神州大地思想交流最自由深刻的大学堂，哲学系里的人
可都是高深莫测哦~听题：
《实践是检验真理的唯一标准》是有哲学系的（  ）创作发表的？
A.刘伯明
B.熊十力
C.胡福明
D.匡亚明
Answer
6
答案为 C.胡福明
商塔荣誉堂主： 恩 ，这个年轻人可能都不知道了，好好学习啊！
商塔荣誉堂主： 不错，这可是一篇划时代的文章啊！
#
Exit
2
26 16
26/2
商塔道馆一层.txt
6 1
6/16
商塔道馆三层.txt
Music
商塔.mp3