教室2.png
32/20
1 1 1 1 1 1 1 1 1 1 1 1 1 1 1 1 1 1 1 1 1 1 1 1 1 1 1 1 1 1 1 1 
1 1 1 1 1 1 1 1 1 1 1 1 1 1 1 1 1 1 1 1 1 1 1 1 1 1 1 1 1 1 1 1 
1 1 1 1 1 1 1 1 1 1 1 1 1 1 1 1 1 1 1 1 1 1 1 1 1 1 1 1 1 1 1 1 
1 0 0 1 1 1 0 1 0 0 0 1 1 1 0 0 0 0 1 1 0 0 1 1 1 1 1 1 1 1 1 1 
1 1 0 0 0 0 0 0 0 0 0 0 0 0 0 0 1 0 0 0 0 0 0 0 1 0 0 0 0 0 0 1 
1 1 0 0 0 0 0 0 1 0 0 0 0 0 0 1 1 1 0 0 0 0 0 1 1 1 0 0 0 0 1 1 
1 0 0 0 0 0 0 1 1 1 0 0 0 0 0 1 1 1 0 0 0 0 0 1 1 1 0 0 0 0 1 1 
1 0 0 0 0 0 0 1 1 1 0 0 0 0 0 1 1 1 0 0 0 0 0 1 1 1 0 0 0 0 0 1 
1 0 0 0 0 0 0 0 0 0 0 0 0 0 0 0 0 0 0 0 0 0 0 0 0 0 0 0 0 0 0 1 
1 1 0 0 0 0 0 0 1 0 0 0 0 0 0 0 1 0 0 0 0 0 0 0 1 0 0 0 0 0 1 1 
1 1 0 0 0 0 0 1 1 1 0 0 0 0 0 1 1 1 0 0 0 0 0 1 1 1 0 0 0 0 1 1 
1 0 0 0 0 0 0 1 1 1 0 0 0 0 0 1 1 1 0 0 0 0 0 1 1 1 0 0 0 0 0 1 
1 0 0 0 0 0 0 0 0 0 0 0 0 0 0 0 0 0 0 0 0 0 0 0 0 0 0 0 0 0 0 1 
1 0 0 0 0 0 0 0 1 0 0 0 0 0 0 0 1 0 0 0 0 0 0 0 1 0 0 0 0 0 0 1 
1 1 0 0 0 0 0 1 1 1 0 0 0 0 0 1 1 1 0 0 0 0 0 1 1 1 0 0 0 0 1 1 
1 1 0 0 0 0 0 1 1 1 0 0 0 0 0 1 1 1 0 0 0 0 0 1 1 1 0 0 0 0 1 1 
1 0 0 0 0 0 0 0 0 0 0 0 0 0 0 1 0 1 1 0 0 0 0 0 0 0 0 0 0 0 0 1 
1 0 0 0 0 0 0 0 0 0 0 1 1 0 1 1 0 1 1 0 1 1 0 0 0 0 0 0 0 0 0 1 
1 1 1 1 1 1 1 1 1 1 1 1 1 1 1 1 1 0 1 1 1 1 1 1 1 1 1 1 1 1 1 1 
1 1 1 1 1 1 1 1 1 1 1 1 1 1 1 1 1 1 1 1 1 1 1 1 1 1 1 1 1 1 1 1
NPC
0 12 10 李洵.png 你们等着哭吧! 
NextScript
16/16
李洵逃跑
脚本32.txt
Dialogue
-1
0/79/张小凡.你果然过来了呀.
0/9/李洵!!!竟然是你!!
0/38/怎么?上次多管我的闲事我就不跟你计较了,这次还要破坏我的大计,你该当何罪!!
0/15/你的大计??你有什么企图?
0/45/龙心在哪里?少废话,快交出来!
0/78/我又不是傻子,会把龙心放在这么不安全的地方?
0/8/难道..这是圈套?!
0/79/哼哼哼哼...劝君入瓮之计可曾听过?
0/45/不好...
0/79/我只是故意派了几个人放出龙心在此的假消息,没想到你们的掌门竟然真的派你们过来探查一番,可不是我邀请的啊.
0/45/卑鄙!
0/82/我本来也不高尚!只要能打到我的目的,要通过一切手段做掉你们这些讨厌的苍蝇!
0/78/哈哈哈哈哈哈!
0/43/为何..为何要盗龙心?
0/79/龙心此剑,若不配上一个绝好的主人,岂不是暴殄天物?软件堂如此小小门派,能进驻金大已是不易,况想拥有此等宝物!妄想!
0/7/此乃吾掌门费劲心血锻造之物!!何以你才配当他的主人!!!
0/79/哼,这世界上,我说什么是我的,什么就是我的!!我不管是谁造了它!!只有我才配拥有它!!@
0/79/莫要多说,来战!
#
Fight
1
image/背景图/仙二教学楼.png zhang yu null 李洵/5 null null
#
Exit
1
16 16
16/16
李洵逃跑
Music
紧张2.mp3
Role
1 0 1
Task
【仙二教学楼】,目标【205】教室