仙二教学楼一楼.png
32/20
1 1 1 1 1 1 1 1 1 1 1 1 1 1 1 1 1 1 1 1 1 1 1 1 1 1 1 1 1 1 1 1
1 0 0 0 0 0 0 0 0 0 1 1 0 0 0 0 0 0 0 0 0 1 1 0 0 0 0 0 0 0 1 1
1 0 0 0 0 0 0 0 0 0 1 1 0 0 0 0 0 0 0 0 0 1 1 0 0 0 0 0 0 0 1 1
1 0 0 0 0 0 0 0 0 0 1 1 0 0 0 0 0 0 0 0 0 1 1 0 0 0 0 0 0 0 1 1
1 0 0 0 0 0 0 0 0 0 1 1 0 0 0 0 0 0 0 0 0 1 1 0 0 0 0 0 0 0 1 1
1 0 0 0 0 0 0 0 0 0 1 1 0 0 0 0 0 0 0 0 0 1 1 0 0 0 0 0 0 0 1 1 
1 1 1 1 1 1 1 1 1 1 1 1 1 1 1 1 1 1 1 1 1 1 1 1 1 1 1 1 1 1 1 1 
1 1 1 1 1 1 0 0 1 1 1 1 1 1 1 1 0 0 1 1 1 1 1 1 1 1 1 1 1 1 1 1 
1 0 1 1 1 1 0 0 1 1 1 1 1 1 1 1 0 0 1 1 1 1 1 1 1 1 1 1 1 1 1 1
1 0 0 0 0 0 0 0 0 0 1 1 0 0 0 0 0 0 0 0 0 0 0 0 1 1 0 1 1 1 1 1
1 1 0 0 0 0 0 0 0 0 0 0 0 0 0 0 0 0 0 0 0 0 0 0 0 0 0 0 0 1 1 1 
1 1 1 1 1 1 0 0 1 1 0 0 0 0 1 1 0 0 1 1 0 0 0 0 1 1 0 1 1 1 1 1
1 1 1 1 1 1 1 1 1 1 1 1 1 1 1 1 1 1 1 1 1 1 1 1 1 1 1 1 1 1 1 1
1 1 1 1 1 1 1 1 1 1 1 1 1 1 1 1 0 0 1 1 1 1 1 1 1 1 0 0 1 1 1 1
1 1 1 1 1 1 1 1 1 1 1 1 1 1 1 1 0 0 1 1 1 1 1 1 1 1 0 0 1 1 1 1
1 0 0 0 0 0 0 0 0 0 1 1 0 0 0 0 0 0 0 0 0 1 1 0 0 0 0 0 0 0 1 1
1 0 0 0 0 0 0 0 0 0 1 1 0 0 0 0 0 0 0 0 0 1 1 0 0 0 0 0 0 0 1 1
1 0 0 0 0 0 0 0 0 0 1 1 0 0 0 0 0 0 0 0 0 1 1 0 0 0 0 0 0 0 1 1
1 0 0 0 0 0 0 0 0 0 1 1 0 0 0 0 0 0 0 0 0 1 1 0 0 0 0 0 0 0 1 1
1 1 1 1 1 1 1 1 1 1 1 1 1 1 1 1 1 1 1 1 1 1 1 1 1 1 1 1 1 1 1 1
NextScript
16/18
食堂.txt
脚本14.txt
NPC
0 20 9 缘铭道者.png 此生无憾矣....
Dialogue
-1
0/77/挺厉害的嘛..小毛头们..看来是我低估你们的实力了啊..
0/7/软件堂的今天...不就是各位元老,各位老师,一手创设起来的..你的心血..定然也在其中..为何要做这种事情..让门派的建设,前辈的心血,全都付之东流吗...
0/77/缘随天定..今日经此一役,我却也清醒许多.我的名号中虽有【缘】一字,却注定事事与天缘,地缘,人缘,背道相驰.软件堂,这个我从内心中依然钟爱的地方,终非我的缘来之地吧..
0/10/老师何出此言...既然身处门派之中,考虑得不应仅是被掌门所重用才是.若是尽身尽力,完成了自己本分之内的事情,哪怕不为掌门所见,也会为天地所见,缘分自会于其中生出,何以要叛出门派,作此伤天害理之事..
0/77/小凡...你果然是块好材料,今日,你乃是我的老师.有时候,我才是真正犯糊涂的那个人呀.感谢你,小凡,让我能再这最后的时刻,清醒着,微笑着,离开...
0/12/老师...
0/28/老师...呜呜呜呜...
0/48/缘铭道者与软件堂的缘分尽了.
0/39/他会在另一个地方重生,追寻属于他自己的缘分.
0/29/会这样吗...文敏姐...呜呜..
0/40/嗯,雪琪,别哭了,相信姐姐吧.
0/0/走吧..雪琪..我们还有任务在身.去【食堂】向钦鎏仙杰汇报吧..
#
Exit
2
28 10
75/47
大地图.txt
1 9/1 8
27/10
仙二教学楼二楼.txt
Music
伤感1.mp3
Role
1 1 1
Task
去食堂去汇报吧，钦鎏仙杰在那里