食堂.png
32/20
1 1 1 1 1 1 1 1 1 1 1 1 1 1 1 1 1 1 1 1 1 1 1 1 1 1 1 1 1 1 1 1
1 1 1 1 1 1 1 1 1 1 1 1 1 1 1 1 1 1 1 1 1 1 1 1 1 1 1 1 1 1 1 1
1 1 1 1 1 1 1 1 1 1 1 1 1 1 1 1 1 1 1 1 1 1 1 1 1 1 1 1 1 1 1 1
1 0 1 1 1 0 0 1 1 1 0 0 1 1 1 0 0 1 1 1 0 0 1 1 1 0 0 1 1 1 0 1
1 1 0 0 0 0 0 0 0 0 0 0 0 0 0 0 0 0 0 0 0 0 0 0 0 0 0 0 0 0 1 1
1 1 0 0 0 0 0 0 0 0 0 0 0 0 0 0 0 0 0 0 0 0 0 0 0 0 0 0 0 0 1 1
1 0 1 1 1 0 0 0 0 1 1 1 0 0 0 0 0 0 0 0 1 1 1 0 0 0 0 1 1 1 0 1
1 1 1 1 1 1 0 0 1 1 1 1 1 0 0 0 0 0 0 1 1 1 1 1 0 0 1 1 1 1 1 1 
1 0 0 0 0 0 0 0 0 0 0 0 0 0 0 0 0 0 0 0 0 0 0 0 0 0 0 0 0 0 0 1
1 0 0 0 0 0 0 0 0 0 0 0 0 0 0 0 0 0 0 0 0 0 0 0 0 0 0 0 0 0 0 1
1 0 1 1 1 0 0 0 0 1 1 1 0 0 0 0 0 0 0 0 1 1 1 0 0 0 0 1 1 1 0 1
1 1 1 1 1 1 0 0 1 1 1 1 1 0 0 0 0 0 0 1 1 1 1 1 0 0 1 1 1 1 1 1
1 0 0 0 0 0 0 0 0 0 0 0 0 0 0 0 0 0 0 0 0 0 0 0 0 0 0 0 0 0 0 1 
1 0 0 0 0 0 0 0 0 0 0 0 0 0 0 0 0 0 0 0 0 0 0 0 0 0 0 0 0 0 0 1
1 0 1 1 1 0 0 0 0 1 1 1 0 0 0 0 0 0 0 0 1 1 1 0 0 0 0 1 1 1 0 1
1 1 1 1 1 1 0 0 1 1 1 1 1 0 0 0 0 0 0 1 1 1 1 1 0 0 1 1 1 1 1 1
1 1 0 0 0 0 0 0 0 0 0 0 0 0 0 0 0 0 0 0 0 0 0 0 0 0 0 0 0 0 1 1
1 1 0 0 0 0 0 0 0 0 0 0 0 0 0 0 0 0 0 0 0 0 0 0 0 0 0 0 0 0 1 1
1 1 1 1 1 1 1 1 1 1 1 1 0 0 0 0 0 0 0 0 1 1 1 1 1 1 1 1 1 1 1 1
1 1 1 1 1 1 1 1 1 1 1 1 0 0 0 0 0 0 0 0 1 1 1 1 1 1 1 1 1 1 1 1
NPC
2 12 8 4 钦鎏仙杰 事端紧急,不容延迟,小凡,保重.
NextScript
4/50
大地图.txt
脚本15.txt
Dialogue
0
0/4/钦鎏仙杰...
0/84/此番可有所收获?
0/0/缘铭道者确实是我堂内奸.
0/86/唔....师兄..
0/50/缘铭道者他还是你师兄?..
0/84/正是..只是我二人不联络已很久..他可能总是看不惯我这个师弟后来居上的威风罢..唉..都是一段往事了..
0/35/呜呜..
0/7/他...他打算叛出软件堂,投靠物理阁,与一个商塔的神秘男子在秘密商讨,好像是说物理阁要和商塔进行联合,然后在校庆上打压软件堂.之后发现了我们,他气势汹汹地就与我们交战,没想到反而被我们打倒...
0/28/老师他就...呜呜呜..
0/86/师兄啊..一路走好...
0/84/这也算是他的一种归宿吧..
0/39/嗯.我同意仙杰.雪琪妹妹,不要这么伤心了.
0/7/我想我们这次的行迹怕是暴露了..那神秘的男子跑掉了..
0/84/把那神秘人物的特征说与我听.
0/39/银色盔甲,红缨头盔,目有刃光,脸露凶色.
0/29/是啊,那人看起来真是好冷酷,让人不寒而粟呢...
0/7/看起来就像是绝世高手的样子,连撤退都如疾风闪电般迅速.
0/84/想必是那人了...
0/55/仙杰认得?
0/84/他曾经是软件堂的第一高手,一顶一的强大武士,甚至连掌门道蓄真人也惧他三分.
0/16/!!!
0/51/又是一个叛出软件堂的人物吗..
0/31/为什么..为什么要离开我们的门派...
0/84/说来话长.此人乃是绝对的武痴,眼中只有武学,并无他物.想来也并非对软件堂有什么意见,只是在学尽了我堂所有的武艺之后,觉得无所进境,便叛出师门,投靠商塔,希望达到宗师水平.
0/10/如此这般...对于武艺的追求与痴迷吗..
0/34/唔...
0/46/他的名字是什么?
0/86/唤作 【罹年居士】
0/39/嗯..倒是很潇洒的名字呢,我生之后,逢此百罹.于有生之年,罹虚华幻梦一场,甚妙,甚妙.
0/84/只怕他以后会成为你们的劲敌呢.
0/0/恩..
0/84/如此这般吧,既然我们的行踪已经暴露,物理阁大概知道我们发现了他们的秘密,不如你们就此到[藏经仙阁]去找文学谷掌门,商谈我们两派的联合之事,借文学谷之力,也许我们也可以在校庆上与商塔物理阁抗衡一下.
0/54/这算是将计就计吗...
0/84/算是别无他法的对策吧.眼见校庆就来,总不能让他们的阴谋得逞.
0/20/好的,事成之后还来这边找你?
0/84/不必如此麻烦,你们直接去【实验楼*乙区】的【门主堂】向掌门汇报便可.
0/0/遵命! 
#
Exit
1
12 19/13 19/14 19/15 19/16 19/17 19/18 19/19 19
4/50
大地图.txt
Music
任务完成.mp3
Role
1 1 1
Task
藏经仙阁应该位于校园的东北方