教室1.png
32/20
1 1 1 1 1 1 1 1 1 1 1 1 1 1 1 1 1 1 1 1 1 1 1 1 1 1 1 1 1 1 1 1 
1 1 1 1 1 1 1 1 1 1 1 1 1 1 1 1 1 1 1 1 1 1 1 1 1 1 1 1 1 1 1 1 
1 1 1 1 1 1 1 1 1 1 1 1 1 1 1 1 1 1 1 1 1 1 1 1 1 1 1 1 1 1 1 1 
1 0 0 1 1 1 0 1 0 0 0 1 1 1 0 0 0 0 1 1 0 0 1 1 1 1 1 1 1 1 1 1 
1 1 0 0 0 0 0 0 0 0 0 0 0 0 0 0 1 0 0 0 0 0 0 0 1 0 0 0 0 0 0 1 
1 1 0 0 0 0 0 0 1 0 0 0 0 0 0 1 1 1 0 0 0 0 0 1 1 1 0 0 0 0 1 1 
1 0 0 0 0 0 0 1 1 1 0 0 0 0 0 1 1 1 0 0 0 0 0 1 1 1 0 0 0 0 1 1 
1 0 0 0 0 0 0 1 1 1 0 0 0 0 0 1 1 1 0 0 0 0 0 1 1 1 0 0 0 0 0 1 
1 0 0 0 0 0 0 0 0 0 0 0 0 0 0 0 0 0 0 0 0 0 0 0 0 0 0 0 0 0 0 1 
1 1 0 0 0 0 0 0 1 0 0 0 0 0 0 0 1 0 0 0 0 0 0 0 1 0 0 0 0 0 1 1 
1 1 0 0 0 0 0 1 1 1 0 0 0 0 0 1 1 1 0 0 0 0 0 1 1 1 0 0 0 0 1 1 
1 0 0 0 0 0 0 1 1 1 0 0 0 0 0 1 1 1 0 0 0 0 0 1 1 1 0 0 0 0 0 1 
1 0 0 0 0 0 0 0 0 0 0 0 0 0 0 0 0 0 0 0 0 0 0 0 0 0 0 0 0 0 0 1 
1 0 0 0 0 0 0 0 1 0 0 0 0 0 0 0 1 0 0 0 0 0 0 0 1 0 0 0 0 0 0 1 
1 1 0 0 0 0 0 1 1 1 0 0 0 0 0 1 1 1 0 0 0 0 0 1 1 1 0 0 0 0 1 1 
1 1 0 0 0 0 0 1 1 1 0 0 0 0 0 1 1 1 0 0 0 0 0 1 1 1 0 0 0 0 1 1 
1 0 0 0 0 0 0 0 0 0 0 0 0 0 0 0 0 0 0 0 0 0 0 0 0 0 0 0 0 0 0 1 
1 0 0 0 0 0 0 0 0 0 0 1 1 0 0 0 0 0 0 0 1 1 0 0 0 0 0 0 0 0 0 1 
1 1 1 1 1 1 1 1 1 1 1 1 1 1 0 0 0 0 0 1 1 1 1 1 1 1 1 1 1 0 0 1 
1 1 1 1 1 1 1 1 1 1 1 1 1 1 1 1 1 1 1 1 1 1 1 1 1 1 1 1 1 1 1 1 
NPC
2 11 8 4 钦鎏仙杰 此事甚为保密,勿向他人透露.
NextScript
1/19
基础实验楼乙五层.txt
脚本6.txt
Dialogue
0
0/10/钦鎏仙杰,弟子来迟了,有何事相告?
0/84/小凡啊,虽然你才刚入我软件堂学习,但我发现你天赋异禀,气宇非凡,乃是我门派中之翘楚啊.
0/0/这..晚辈不敢当啊..
0/84/此乃真言.前些日子授予你的那套"横剑摆渡"之剑法,可还顺手?
0/2/一直在练习,今日早些时候倒是确实用上一番,果然是套退敌制胜的好剑法.
0/84/哈哈哈,好,好,学以致用方才是我的弟子.当初我学习这剑法是用了将近一月功夫,你不到半月就能熟练掌握,当真是可造之材.
0/0/仙杰还是别老是夸奖晚辈了,晚辈当真不知道今日是什么事情要托付于我?
0/86/这件事,当真是我门派之大危啊!
0/15/!!!
0/86/现在也只有软件堂的在习弟子还不知情,长老们和元老们已经为之担忧了好一阵子了.
0/7/何事可以惊动我门之长老?
0/84/你可知我门之镇堂之宝?
0/10/当然知道,不就是那把道蓄真人携一众元首级人物,于藏经阁秘密炼造室悉心锤炼雕琢三年,于近日终于见得天日的绝世宝剑--龙心吗?
0/86/就是龙心!
0/86/龙心..被盗了..
0/16/!!!
0/19/龙心..龙心会被盗?那不是存放在实验楼的藏宝阁之中,由我堂高徒弟子专门把手的吗?
0/86/正是如此,才说明偷盗之人绝非等闲之辈.
0/7/明白了!仙杰是想我去调查一番此事吧?
0/86/确实如此.若是我堂元老出动,怕是只会打草惊蛇而无果.道蓄真人目前还不想让龙心失窃这等丑事外扬,我思来想去,还是念你最为合适.
0/8/明白!小凡一定不负仙杰所托,系我堂安危荣辱于己身,达成任务,取回龙心,扬我堂之威,添金大之光!
0/84/好,好,我果然没看错!
0/20/仙杰,晚辈此行只有一事相求.
0/84/说与我听.
0/4/可否派我堂的另一弟子,陆雪琪与我同去?她与我乃是青梅竹马之交,从小就一起习武,我俩武术套路互补,配合也是相当默契,会使取回龙心的可能性变的更大.
0/84/此事机密,若是她与你同去,可否保证消息不要传出?
0/0/当然,没有人比我更了解雪琪了,仙杰可要相信我,也相信她.
0/84/无妨,你自行决定吧.
0/2/多谢仙杰!
0/84/今晚你可去位于【实验楼*乙区】的【藏宝阁】,寻寻看有无蛛丝马迹,结束之后还来这里向我汇报.
0/0/是!
#
Exit
1
14 18/15 18/16 18/17 18/18 18
16/9
仙一教学楼一楼.txt
Music
紧张1.mp3
Role
1 1 0
Task
快去实验楼乙区的藏宝阁，寻寻看有无蛛丝马迹