教室1.png
32/20
1 1 1 1 1 1 1 1 1 1 1 1 1 1 1 1 1 1 1 1 1 1 1 1 1 1 1 1 1 1 1 1 
1 1 1 1 1 1 1 1 1 1 1 1 1 1 1 1 1 1 1 1 1 1 1 1 1 1 1 1 1 1 1 1 
1 1 1 1 1 1 1 1 1 1 1 1 1 1 1 1 1 1 1 1 1 1 1 1 1 1 1 1 1 1 1 1 
1 0 0 1 1 1 0 1 0 0 0 1 1 1 0 0 0 0 1 1 0 0 1 1 1 1 1 1 1 1 1 1 
1 1 0 0 0 0 0 0 0 0 0 0 0 0 0 0 1 0 0 0 0 0 0 0 1 0 0 0 0 0 0 1 
1 1 0 0 0 0 0 0 1 0 0 0 0 0 0 1 1 1 0 0 0 0 0 1 1 1 0 0 0 0 1 1 
1 0 0 0 0 0 0 1 1 1 0 0 0 0 0 1 1 1 0 0 0 0 0 1 1 1 0 0 0 0 1 1 
1 0 0 0 0 0 0 1 1 1 0 0 0 0 0 1 1 1 0 0 0 0 0 1 1 1 0 0 0 0 0 1 
1 0 0 0 0 0 0 0 0 0 0 0 0 0 0 0 0 0 0 0 0 0 0 0 0 0 0 0 0 0 0 1 
1 1 0 0 0 0 0 0 1 0 0 0 0 0 0 0 1 0 0 0 0 0 0 0 1 0 0 0 0 0 1 1 
1 1 0 0 0 0 0 1 1 1 0 0 0 0 0 1 1 1 0 0 0 0 0 1 1 1 0 0 0 0 1 1 
1 0 0 0 0 0 0 1 1 1 0 0 0 0 0 1 1 1 0 0 0 0 0 1 1 1 0 0 0 0 0 1 
1 0 0 0 0 0 0 0 0 0 0 0 0 0 0 0 0 0 0 0 0 0 0 0 0 0 0 0 0 0 0 1 
1 0 0 0 0 0 0 0 1 0 0 0 0 0 0 0 1 0 0 0 0 0 0 0 1 0 0 0 0 0 0 1 
1 1 0 0 0 0 0 1 1 1 0 0 0 0 0 1 1 1 0 0 0 0 0 1 1 1 0 0 0 0 1 1 
1 1 0 0 0 0 0 1 1 1 0 0 0 0 0 1 1 1 0 0 0 0 0 1 1 1 0 0 0 0 1 1 
1 0 0 0 0 0 0 0 0 0 0 0 0 0 0 0 0 0 0 0 0 0 0 0 0 0 0 0 0 0 0 1 
1 0 0 0 0 0 0 0 0 0 0 1 1 0 0 0 0 0 0 0 1 1 0 0 0 0 0 0 0 0 0 1 
1 1 1 1 1 1 1 1 1 1 1 1 1 1 0 0 0 0 0 1 1 1 1 1 1 1 1 1 1 0 0 1 
1 1 1 1 1 1 1 1 1 1 1 1 1 1 1 1 1 1 1 1 1 1 1 1 1 1 1 1 1 1 1 1 
NPC
2 11 8 4 钦鎏仙杰 任务完成的还算不错,继续努力吧!
NextScript
54/47
大地图.txt
脚本9.txt
Dialogue
0
0/0/钦鎏仙杰!
0/86/恩?看来是调查完成了?
0/47/仙杰...
0/84/文敏...看来你还是对于那晚的事情耿耿于怀喽..
0/43/没错,我要和小凡他们一起进行调查.
0/84/也好,以你的武艺,也可以让我悬着的心放下一半了.
0/2/仙杰,此行确实有所发现.
0/84/说与我听.
0/7/我等三人于藏宝阁门口,与一黑衣人恶战一场,通过对他招式的观察,文敏学姐和我都认为..
0/43/疑似物理阁中之人士.
0/86/果然如此...
0/84/当真与我之前的猜测不谋而合!!
0/36/为何作此猜测..
0/84/金大虽名为整体,实则各个门派各打各的算盘.像物理阁这样的传统强门,必然对于软件堂这一成立时日并不算长久的门派之崛起心怀不安.
0/44/所以便想了偷出龙心这等卑鄙的计策以阻止我堂的发展?!
0/84/莫要声张,一切还皆是猜测.今年恰逢金大建校一百一十周年,校方定会让各门派展示各自风采.我堂若是丧了龙心,必是大输光彩.
0/36/唔...这究竟是何居心...
0/43/不过我猜这并非物理阁元老的计策,恐怕是他阁中某个自负狂妄又执掌大权之人私自所为吧..
0/84/此话有理,元老们怕是不会使出此等卑劣的手段.而且,我猜测...
0/7/猜测什么?
0/84/我堂中怕是有这伙人安插的内奸.
0/31/!!!
0/46/我也想到过!平日龙心一般虽对外声称存于藏宝阁之中,实则由道蓄真人亲自保管.只有那日,道蓄真人有要紧之事,将龙心搁置于藏宝阁之中,谁想当晚就遭此不测,实在可疑.
0/15/竟然是这样...
0/84/文敏,可有一些怀疑对象?
0/39/我想确实有一个,只是我害怕直觉不准,造成诬陷...
0/86/说来无妨,且看可与我所想吻合.
0/43/那日,偶见我派微积剑法教头缘铭道者与一神秘男子交谈甚密,怕是..
0/84/与我之所想如出一辙!
0/16/竟然是这样...那我们快去追踪缘铭道者的行踪,看看可不可以有所发现!
0/84/恩..注意,事成之后,我会在【食堂】等待你们的消息!
#
Exit
1
14 18/15 18/16 18/17 18/18 18
16/9
仙一教学楼一楼.txt
Music
任务完成.mp3
Role
1 1 1
Task
应该去仙二去探查一下消息