门主堂.png
32/20
1 1 1 1 1 1 1 1 1 1 1 1 1 1 1 1 1 1 1 1 1 1 1 1 1 1 1 1 1 1 1 1 
1 1 1 1 1 1 1 1 1 1 1 1 1 1 1 1 1 1 1 1 1 1 1 1 1 1 1 1 1 1 1 1 
1 1 1 1 1 1 1 1 1 1 1 1 1 1 1 1 1 1 1 1 1 1 1 1 1 1 1 1 1 1 1 1 
0 0 0 0 0 0 0 0 0 0 0 0 0 0 0 0 0 0 0 0 0 0 0 0 0 0 0 0 0 0 0 1 
0 0 0 0 0 0 0 0 0 0 0 0 0 0 0 0 0 0 0 0 0 0 0 0 0 0 0 0 0 0 0 1 
0 1 0 0 0 0 0 0 0 0 0 0 0 0 0 0 0 0 0 0 0 0 0 0 0 0 0 0 0 0 0 0 
0 1 0 0 0 0 0 0 0 0 0 0 0 0 0 0 0 0 0 0 0 0 0 0 0 0 0 0 0 0 0 0 
0 0 0 0 0 0 1 1 1 0 0 0 0 1 1 1 0 0 0 0 0 1 1 1 0 0 0 0 0 0 0 0 
0 0 0 0 0 0 1 1 1 0 0 0 0 1 1 1 0 0 0 0 0 1 1 1 0 0 0 0 0 0 0 0 
0 0 0 0 0 0 0 0 0 0 0 0 0 0 0 0 0 0 0 0 0 0 0 0 0 0 0 0 0 0 0 0 
0 0 0 0 0 0 0 0 0 0 0 0 0 0 0 0 0 0 0 0 0 0 0 0 0 0 0 0 0 0 0 0 
0 0 0 0 0 0 0 0 0 0 0 0 0 0 0 0 0 0 0 0 0 0 0 0 0 0 0 0 0 0 0 0 
0 0 0 0 0 0 1 1 1 0 0 0 0 1 1 1 0 0 0 0 0 1 1 1 0 0 0 0 0 0 0 0 
0 0 0 0 0 0 1 1 1 0 0 0 0 1 1 1 0 0 0 0 0 1 1 1 0 0 0 0 0 0 0 0 
0 0 0 0 0 0 0 0 0 0 0 0 0 0 0 0 0 0 0 0 0 0 0 0 0 0 0 0 0 0 0 0 
0 0 0 0 0 0 0 0 0 0 0 0 0 0 0 0 0 0 0 0 0 0 0 0 0 0 0 0 0 0 0 0 
0 0 0 0 0 0 0 0 0 0 0 0 0 0 0 0 0 0 0 0 0 0 0 0 0 0 0 0 0 1 1 1 
0 0 0 0 0 1 0 0 0 1 0 0 0 0 0 0 0 0 1 0 1 0 0 0 1 0 0 0 1 1 1 1 
0 0 0 0 0 1 0 0 0 1 0 0 0 0 0 0 0 0 1 0 1 0 0 0 1 0 0 0 1 0 0 0 
1 1 1 1 1 1 1 1 1 1 1 1 1 1 1 1 1 1 1 1 1 1 1 1 1 1 1 1 1 1 1 1
NPC
2 15 5 5 道蓄真人 去休息休息吧..
NextScript
14/16
宿舍.txt
脚本28.txt
Dialogue
0
0/0/掌门..
0/21/可有所获?
0/11/没有探查到什么消息..倒是..
0/47/我们被罹年居士所败...雪琪..也被掳走..
0/21/罹年居士当乃当今最强武士..别说你们..连我也不一定能够将其击败..
0/7/他说..三天之后的武林大会上..若是我们可以将其击败..便可以将雪琪释放..若是失败..恐怕就会撕票了...
0/21/既然如此..那就这样吧..你们暂且不要行动,休养休养...到武林大会之上再次出战.
0/21/另外..我方探子有报..称于【仙二教学楼】的【205】教室发现龙心踪影.似乎有物理阁高手专人把守.汝等二人,可于武林大会前一晚,前往探查,看看可否伺机取回.
0/50/为何不现在去取?
0/21/还是莫要打草惊蛇为妙.你们先回各自【宿舍】,好好休息吧.
0/21/若能顺利取得龙心,便去【食堂】处寻找钦鎏仙杰,一切听他调度,我已安排妥当.
0/7/遵命!
#
Exit
1
12 18/13 18/14 18/15 18/16 18/17 18
9/9
基础实验楼乙五层.txt
Music
任务完成.mp3
Role
1 0 1
Task
回宿舍吧，君子报仇，十年不晚