基础实验楼乙五层.png
32/20
1 1 1 1 1 1 1 1 1 1 1 1 1 1 1 1 1 1 1 1 1 1 1 1 1 1 1 1 1 1 1 1 
1 1 1 1 1 1 1 1 1 1 1 1 1 1 1 1 1 1 1 1 1 1 1 1 1 1 1 1 1 1 1 1 
1 1 1 1 1 1 1 1 1 1 1 1 1 1 1 1 1 1 1 1 1 1 1 1 1 1 1 1 1 1 1 1 
1 1 1 1 1 1 1 1 1 1 1 1 1 1 1 1 1 1 1 1 1 1 1 1 1 1 1 1 1 1 1 1 
1 1 1 1 1 1 1 1 1 1 1 1 1 1 1 1 1 1 1 1 1 1 1 1 1 1 1 1 1 1 1 1 
1 1 1 1 1 1 1 1 1 1 1 1 1 1 1 1 1 1 1 1 1 1 1 1 1 1 1 1 1 1 1 1 
1 1 1 1 1 1 1 1 1 1 1 1 1 1 1 1 1 1 1 1 1 1 1 1 1 1 1 1 1 1 1 1 
1 1 1 1 1 1 1 1 1 1 1 1 1 1 1 1 1 1 1 1 1 1 1 1 1 1 1 1 1 1 1 1 
0 0 0 0 0 0 0 0 0 0 0 0 0 0 0 0 0 0 0 0 0 0 0 0 0 0 0 0 0 0 0 0 
0 0 0 0 0 0 0 0 0 0 0 0 0 0 0 0 0 0 0 0 0 0 0 0 0 0 0 0 0 0 0 0 
0 0 0 0 0 0 0 0 0 0 0 0 0 0 0 0 0 0 0 0 0 0 0 0 0 0 0 0 0 0 0 0 
0 0 0 0 0 0 0 0 0 0 0 0 0 0 0 0 0 0 0 0 0 0 0 0 0 0 0 0 0 0 0 0 
1 1 1 1 1 1 1 1 1 1 1 1 1 1 1 1 1 1 1 1 1 1 1 1 1 1 1 1 1 1 1 1 
1 1 1 1 1 1 1 1 1 1 1 1 1 1 1 1 1 1 1 1 1 1 1 1 1 1 1 1 1 1 1 1 
1 1 1 1 1 1 1 1 1 1 1 1 1 1 1 1 1 1 1 1 1 1 1 1 1 1 1 1 1 1 1 1 
1 1 1 1 1 1 1 1 1 1 1 1 1 1 1 1 1 1 1 1 1 1 1 1 1 1 1 1 1 1 1 1 
1 1 1 1 1 1 1 1 1 1 1 1 1 1 1 1 1 1 1 1 1 1 1 1 1 1 1 1 1 1 1 1 
1 1 1 1 1 1 1 1 1 1 1 1 1 1 1 1 1 1 1 1 1 1 1 1 1 1 1 1 1 1 1 1 
1 1 1 1 1 1 1 1 1 1 1 1 1 1 1 1 1 1 1 1 1 1 1 1 1 1 1 1 1 1 1 1 
1 1 1 1 1 1 1 1 1 1 1 1 1 1 1 1 1 1 1 1 1 1 1 1 1 1 1 1 1 1 1 1
NPC
2 6 9 5 文敏 可恶...
NextScript
16/17
仙一102.txt
脚本8.txt
Dialogue
-1
0/45/真是可恶,这帮行踪可疑的家伙...
0/15/你是?
0/39/我是软件堂大三弟子,文敏.
0/1/原来是我们的学姐..
0/2/我们也是软件堂弟子,不过是新生..
0/43/从你们的招式上我就看出来了,新生就随随便便来这种地方了?你们真是挺有胆量的呢.
0/34/我们是..我们是来找..
0/8/雪琪!忘了仙杰的交待吗?不要说..
0/35/哦..哦..
0/51/原来是奉钦鎏仙杰之命过来的?我想我知道你们是想来干嘛的了.
0/15/怎么会?
0/54/不信?来这藏宝阁还不就是为了探查龙心?
0/19/!!!
0/31/!!!
0/47/你是不是要问我怎么知道龙心的事了?
0/20/这...确实如此...
0/47/因为失窃当晚,我就在这里值班.
0/19/!!!
0/48/我万没想到镇堂之宝会在自己的手上丢掉..
0/29/学姐..
0/49/这几天,内疚与愤怒就没有从我心中消褪!
0/45/所以我今天也是特意过来想要探查一番此事.
0/32/文敏姐姐..你也不要伤心过度啦..龙心失窃大家都很着急,不是你一个人的责任啦..
0/11/是啊,学姐不必自责如此..
0/45/不管怎样,我做人的原则就是要为自己犯下的错误负责.龙心是在我受伤被偷,也就要在我的探查下被找回!
0/46/这条路上定是充满了危机和风险.像今天这样的黑衣人,也许每天都要面对.或许还有更为强大的敌人,但我不后悔,也不犹豫,我会走下去.
0/39/你们回去告诉钦鎏仙杰吧,告诉他我已经在探查此事了,你们新生,还是回去每天练练剑术,背背心法,不要搅入此事为妙.
0/15/这怎么可以,我们怎么可能让你一个人去承担这么大的压力?我们和你一同将龙心追回!
0/32/是的!文敏姐姐,我特别喜欢你的勇气与担当,我也要和你一起!
0/46/......
0/44/我知道你们是年轻气盛,当真不是我不想带着你们,只怕你们不能应付这路上的种种磨难,若是出了差错,便又是我的一大失误.
0/46/听姐姐的话,还是速速回去.
0/31/不!我们要去的..是吗,小凡哥?
0/0/是的,文敏姐,今日若是没遇见你,我们也还是会一路探查下去的.
0/47/唉..年轻人..若是跟着姐姐吃了苦,可别再怪我没有劝过你们了.
0/5/嘿嘿,不会不会!
0/24/恩恩.
0/46/今晚的黑衣人,通过我对他们一招一式的观察,疑似我金大【物理阁】中之人.
0/7/确实如此,今日早些时日我也与物理阁的人交上过几手,招数确实颇为相似.
0/39/好的,看来我没有看错.依我推测,今日他们是想来这里销毁犯罪行迹,不幸被我们撞见,打乱了他们的计划.
0/2/很有道理.
0/39/走吧,我们去【向钦鎏仙杰汇报】吧.
0/2/好!
#
Exit
2
30 10
37/64
大地图.txt
1 10
37/64
大地图.txt
Music
紧张1.mp3
Role
1 1 1
Task
快回仙一102向钦鎏仙杰汇报