仙二教学楼一楼.png
32/20
1 1 1 1 1 1 1 1 1 1 1 1 1 1 1 1 1 1 1 1 1 1 1 1 1 1 1 1 1 1 1 1
1 0 0 0 0 0 0 0 0 0 1 1 0 0 0 0 0 0 0 0 0 1 1 0 0 0 0 0 0 0 1 1
1 0 0 0 0 0 0 0 0 0 1 1 0 0 0 0 0 0 0 0 0 1 1 0 0 0 0 0 0 0 1 1
1 0 0 0 0 0 0 0 0 0 1 1 0 0 0 0 0 0 0 0 0 1 1 0 0 0 0 0 0 0 1 1
1 0 0 0 0 0 0 0 0 0 1 1 0 0 0 0 0 0 0 0 0 1 1 0 0 0 0 0 0 0 1 1
1 0 0 0 0 0 0 0 0 0 1 1 0 0 0 0 0 0 0 0 0 1 1 0 0 0 0 0 0 0 1 1 
1 1 1 1 1 1 1 1 1 1 1 1 1 1 1 1 1 1 1 1 1 1 1 1 1 1 1 1 1 1 1 1 
1 1 1 1 1 1 0 0 1 1 1 1 1 1 1 1 0 0 1 1 1 1 1 1 1 1 1 1 1 1 1 1 
1 0 1 1 1 1 0 0 1 1 1 1 1 1 1 1 0 0 1 1 1 1 1 1 1 1 1 1 1 1 1 1
1 0 0 0 0 0 0 0 0 0 1 1 0 0 0 0 0 0 0 0 0 0 0 0 1 1 0 1 1 1 1 1
1 1 0 0 0 0 0 0 0 0 0 0 0 0 0 0 0 0 0 0 0 0 0 0 0 0 0 0 0 1 1 1 
1 1 1 1 1 1 0 0 1 1 0 0 0 0 1 1 0 0 1 1 0 0 0 0 1 1 0 1 1 1 1 1
1 1 1 1 1 1 1 1 1 1 1 1 1 1 1 1 1 1 1 1 1 1 1 1 1 1 1 1 1 1 1 1
1 1 1 1 1 1 1 1 1 1 1 1 1 1 1 1 0 0 1 1 1 1 1 1 1 1 0 0 1 1 1 1
1 1 1 1 1 1 1 1 1 1 1 1 1 1 1 1 0 0 1 1 1 1 1 1 1 1 0 0 1 1 1 1
1 0 0 0 0 0 0 0 0 0 1 1 0 0 0 0 0 0 0 0 0 1 1 0 0 0 0 0 0 0 1 1
1 0 0 0 0 0 0 0 0 0 1 1 0 0 0 0 0 0 0 0 0 1 1 0 0 0 0 0 0 0 1 1
1 0 0 0 0 0 0 0 0 0 1 1 0 0 0 0 0 0 0 0 0 1 1 0 0 0 0 0 0 0 1 1
1 0 0 0 0 0 0 0 0 0 1 1 0 0 0 0 0 0 0 0 0 1 1 0 0 0 0 0 0 0 1 1
1 1 1 1 1 1 1 1 1 1 1 1 1 1 1 1 1 1 1 1 1 1 1 1 1 1 1 1 1 1 1 1
NextScript
24/10
中途逃跑
脚本12.txt
Dialogue
-1
0/77/哈哈,看来商塔方面也是已经蓄势待发了呀!
0/87/哼,那是,商塔素来就是金大的头号门派,我们旗下的精英怕是比你们整个门派的人数都多!
0/77/那可不嘛.事成之后,我就离开软件堂,到物理阁另寻高就,还要靠您多多扶持,多多帮助呀!
0/87/哈哈哈,尽可放心.尽管我是商塔人物,可大半个物理阁也还得乖乖得听我指示,到时候给你安排个好地位!
0/31/听...这不是缘铭道者的声音吗...
0/34/难道他真的是内奸..呜呜呜...
0/7/嘘,小点声,听听他们在讲什么...
0/77/如此一来,只要商塔与物理阁强强联手,在金大的校庆之上...
0/87/要一举煞了这软件堂的嚣张气焰!
0/77/妙哉!妙哉!反正龙心已经在我们的手上,软件堂还有什么好怕..
0/45/龙心!!果然为他们所盗!!
0/37/真是太可恶了!!
0/7/你们小点声!...
0/77/什么人?!
0/87/看来是有些讨厌的苍蝇在附近嗡嗡作响呀.
0/9/坏了!我们被发现了!
0/45/快跑吧!
#
Exit
1
24 10
24/10
中途逃跑
Music
大地图夜.mp3
Role
1 1 1
Task
应该去仙二去探查一下消息