宿舍.png
32/20
1 1 1 1 1 1 1 1 1 1 1 1 1 1 1 1 1 1 1 1 1 1 1 1 1 1 1 1 1 1 1 1
1 1 1 1 1 1 1 1 1 1 1 1 1 1 1 1 1 1 1 1 1 1 1 1 1 1 1 1 1 1 1 1
1 1 1 1 1 1 0 0 1 1 0 0 1 1 0 0 1 1 0 0 1 1 0 0 1 1 1 1 1 1 1 1 
1 1 1 1 1 1 1 1 1 0 0 0 0 0 0 0 0 0 0 0 0 0 1 1 1 1 1 1 0 1 1 1 
1 1 1 0 0 0 0 0 0 0 0 0 0 0 0 0 0 0 0 0 0 0 0 0 1 1 0 0 0 1 1 1
1 1 1 1 0 0 0 0 0 0 0 0 0 0 0 0 0 0 0 0 0 0 0 0 0 0 0 0 1 1 1 1
1 1 1 1 0 1 1 1 0 0 0 0 0 0 0 0 0 0 0 0 0 0 0 0 1 1 1 0 1 1 1 1
0 0 0 0 0 0 1 0 0 0 0 0 0 0 0 1 0 0 0 0 0 0 0 0 0 1 0 0 0 0 0 0
1 0 1 0 0 0 0 0 0 0 0 0 0 0 0 1 0 0 0 0 0 0 0 0 0 0 0 0 0 1 0 1 
0 0 0 0 0 0 0 0 0 0 0 0 0 0 1 1 1 0 0 0 0 0 0 0 0 0 0 0 0 0 0 0 
1 1 1 1 1 1 1 1 1 0 0 0 1 0 1 1 1 0 1 0 0 0 1 1 1 1 1 1 0 1 1 1
1 1 1 0 0 1 1 0 0 0 0 0 0 0 0 0 0 0 0 0 0 0 0 0 1 1 0 0 0 1 1 1
1 1 1 1 0 0 0 0 0 0 0 0 0 0 0 1 0 0 0 0 0 0 0 0 0 0 0 0 1 1 1 1
1 1 1 1 0 1 1 1 0 0 0 0 0 0 0 1 0 0 0 0 0 0 0 0 1 1 1 0 1 1 1 1
1 0 0 0 0 0 1 0 0 0 0 0 0 0 0 0 0 0 0 0 0 0 0 0 0 1 0 0 0 0 0 1
1 0 1 0 0 0 0 0 0 0 0 0 0 0 0 0 0 0 0 0 0 0 0 0 0 0 0 0 0 1 0 1
1 1 0 1 1 1 1 1 1 0 1 0 0 0 0 0 0 0 0 1 0 0 0 1 1 1 1 1 1 0 1 1  
1 1 0 1 1 1 1 1 1 0 1 0 0 0 0 0 0 0 0 1 0 0 0 1 1 1 1 1 1 0 1 1
1 1 1 1 1 1 1 1 1 1 1 1 1 1 0 0 1 1 1 1 1 1 1 1 1 1 1 1 1 1 1 1
1 1 1 1 1 1 1 1 1 1 1 1 1 1 0 0 1 1 1 1 1 1 1 1 1 1 1 1 1 1 1 1
NPC
2 6 6 4 萧逸才 听说今晚的碧瑶会以仙子装出现呢.../1 20 8 9 8 8 宋大仁 小凡,老是走来走去地累不累呀!;快一点吧,晚会快要开始了!/0 14 4 曾书书.png 曾经,金陵大学的主部位于京城中央的鼓楼地带,如今由于规模扩大,迁至如今的仙林幽境.
NextScript
66/15
大地图.txt
脚本2.txt
Dialogue
-1
0/59/小凡!好些日子没见你了,你这家伙到哪里去了?
0/5/呵呵,我不是和雪琪一道去了栖霞圣山,她说非要见识见识那里道士的绝世法符才肯安心修炼她现在的法术.
0/90/那可不是嘛,要是我也有了栖霞山那些和尚的法力,我也不在这学校里待下去喽!
0/60/哈哈哈哈,逸才,你就是会做些白日梦罢!
0/90/你可也不就会打击我,指不定哪天我就看破红尘,跑到栖霞圣山,过我的逍遥日子去了呢!
1/曾书书:/行了行了,你俩都别闹了,今天缘铭道者教授的那两个招式你们都体悟了吗?
0/16/不是吧,道长又传授新的招式了?上次那个二重剑法和三重心诀我还没有练熟呢,唉...
0/57/没关系的,小凡,你那么聪明,还不是一下子就可以掌握.
0/18/但愿是这样啊,不过最近真的落下不少功夫呢...
1/曾书书:/唉唉唉,为什么在这一着结束之后要接上这一式呢?头疼啊..
0/60/哈哈哈,书书,我说你啊,还是先休息休息吧,你现在这样练习也没有什么实质性的进展不是么.
0/4/对的,书书,别总是纠结于招式问题了.
0/90/恩,说起来我们宿舍也很久没有集中到一起了呢,要不今晚出去活动活动呀?
1/曾书书:/说的真是啊,我也好久没有出门了呢..
0/3/又要出去?我才刚刚回来..
0/60/哈哈哈,小凡,你要是不跟我们出去可会非常遗憾的哦!
0/15/此言怎讲?大仁兄莫非还有特殊之事?
0/59/看你这才几天不在学校,什么事情都不晓得了啊.今晚乃是金大为新入学的文人武子们隆重举办迎新庆典晚会的日子啊,不光有金大各重量级人物与会,还会有各路武林中人莅临,听说更有...
0/90/更有金大新生校花碧瑶的倾世舞蹈,不容错过啊!!!
0/5/好吧..我看出来了,你们主要还是奔着碧瑶去的吧..
1/曾书书:/怎么能完全这么说呢,我还想亲眼见识我们院的门主道蓄真人的翩翩风采呢,他的盖世之武功可不是平日轻易展露的.
0/2/唉,那好吧,待我收拾下东西就出发吧.
0/59/抓紧一点哦!
#
Narratage
走过百年风雨的金陵大学中潜藏着三股势力
物理阁，文学谷，商塔，一百年中，物理阁一直牢牢把守着四股势力中的霸主地位，三派相安无事
但最近十年，刚刚成立的软件堂由于其先进的办学理念，在金陵大学中的势力迅速上升
仅新入学的人数就达到两百人
最近又研发了绝世宝剑龙心，使得软件堂的势力更是不断上扬。
我们的故事就此展开......
#
Exit       
1
14 19/15 19
66/15
大地图.txt
Music
欢乐的宿舍.mp3
Role
1 0 0
Task
快去大活看演出吧