迷宫1.png
32/20
1 1 1 1 2 0 1 1 1 1 1 1 1 1 1 2 0 0 0 0 0 0 1 1 1 1 1 2 0 1 1 0
1 1 1 1 0 0 1 1 1 1 1 1 1 1 1 0 0 0 0 0 0 0 1 1 1 1 1 0 0 1 1 0 
1 1 1 1 0 0 1 1 1 1 1 1 1 1 1 0 0 0 0 0 0 0 1 1 1 1 1 0 0 1 1 0 
1 1 1 1 0 0 1 1 1 1 1 1 1 1 1 0 0 1 1 0 0 0 1 1 1 1 1 0 0 1 1 0 
1 1 1 1 0 0 1 1 1 1 1 1 1 1 1 0 0 1 1 0 0 0 1 1 1 1 1 0 0 1 1 0 
1 1 1 1 0 0 0 0 0 0 0 0 0 0 1 0 0 1 1 0 0 0 1 1 1 1 1 0 0 1 1 0 
1 1 1 1 0 0 0 0 0 0 0 0 0 0 1 0 0 1 1 0 0 0 1 1 1 1 1 0 0 1 1 0 
1 1 0 0 0 1 1 1 1 1 1 1 1 0 1 0 0 1 1 0 0 0 0 0 0 0 0 0 0 0 0 0 
1 1 0 0 0 1 0 0 0 0 0 1 1 0 1 0 0 1 1 0 0 0 0 0 0 0 0 0 0 0 0 0 
1 1 0 0 0 1 0 1 1 1 0 1 1 0 1 1 1 1 1 0 0 0 1 1 1 1 0 1 1 1 1 1 
1 1 0 0 0 1 0 1 2 1 0 1 1 0 0 0 1 1 1 0 0 0 1 1 1 1 0 1 1 1 1 1 
1 1 0 0 0 1 0 1 0 1 0 2 1 0 0 0 1 1 1 0 0 0 1 1 1 1 0 1 1 1 1 1 
1 1 0 0 0 1 0 1 0 1 0 0 1 0 1 0 1 1 1 0 0 0 1 1 1 1 0 1 1 1 1 1 
1 1 0 0 0 1 0 1 0 1 1 0 1 0 1 0 1 1 1 0 0 0 1 0 0 0 0 1 1 1 1 1 
1 1 0 0 0 1 0 0 0 1 1 0 1 0 1 0 0 0 1 0 0 0 1 0 0 0 0 1 1 1 1 1 
1 1 0 0 0 1 1 1 1 1 1 0 1 0 1 0 1 0 0 0 0 0 1 0 0 0 0 1 1 1 1 1 
1 1 0 0 0 0 0 0 0 0 0 0 1 0 1 0 1 0 0 1 1 1 1 0 0 0 0 1 1 1 1 1 
1 0 0 0 0 0 0 0 0 0 0 0 1 0 0 0 1 0 0 0 0 0 0 0 1 1 2 1 1 1 1 1 
1 0 0 0 0 1 1 1 1 1 1 1 1 1 1 1 1 0 0 0 0 0 0 0 1 1 0 1 1 1 1 1 
0 0 0 0 0 1 1 1 1 1 1 1 1 1 1 1 1 1 1 1 1 1 1 1 1 1 0 1 1 1 1 1
NextScript
26/10
基础实验楼乙五层.txt
脚本7.txt
Dialogue
-1/31 3
0/24/小凡哥,就靠我们两个能找到龙心吗?
0/2/放心吧,雪琪,我们尽力就好啦.
0/36/嗯.不过话说回来,我怎么觉得今天实验楼的气氛很是古怪呢,总有股阴森的怪气...
0/0/确实如此,我们小心为妙.
#
0/2/你还好吧,雪琪,前面应该就到了
0/25/嗯,我没关系的..
#
Fight
0
image/背景图/大活迷宫.png zhang null lu 舞剑者/5 武林高手1/6 武林高手1/7
image/背景图/大活迷宫.png zhang null lu 武林高手1/5 武林高手1/6 武林高手1/7
image/背景图/大活迷宫.png zhang null lu 武林高手1/5 舞剑者/6 舞剑者/7
#
TreasureBox
4/0 还魄丹
15/0 金疮药
27/0 姜黄粉
8/10 还灵丹
11/11 神农药方
26/17 金疮药
#
Exit
1
31 0
26/10
基础实验楼乙五层.txt
Music
大地图夜.mp3
Role
1 1 0
Task
快去实验楼乙区的藏宝阁，寻寻看有无蛛丝马迹