食堂.png
32/20
1 1 1 1 1 1 1 1 1 1 1 1 1 1 1 1 1 1 1 1 1 1 1 1 1 1 1 1 1 1 1 1
1 1 1 1 1 1 1 1 1 1 1 1 1 1 1 1 1 1 1 1 1 1 1 1 1 1 1 1 1 1 1 1
1 1 1 1 1 1 1 1 1 1 1 1 1 1 1 1 1 1 1 1 1 1 1 1 1 1 1 1 1 1 1 1
1 0 1 1 1 0 0 1 1 1 0 0 1 1 1 0 0 1 1 1 0 0 1 1 1 0 0 1 1 1 0 1
1 1 0 0 0 0 0 0 0 0 0 0 0 0 0 0 0 0 0 0 0 0 0 0 0 0 0 0 0 0 1 1
1 1 0 0 0 0 0 0 0 0 0 0 0 0 0 0 0 0 0 0 0 0 0 0 0 0 0 0 0 0 1 1
1 0 1 1 1 0 0 0 0 1 1 1 0 0 0 0 0 0 0 0 1 1 1 0 0 0 0 1 1 1 0 1
1 1 1 1 1 1 0 0 1 1 1 1 1 0 0 0 0 0 0 1 1 1 1 1 0 0 1 1 1 1 1 1 
1 0 0 0 0 0 0 0 0 0 0 0 0 0 0 0 0 0 0 0 0 0 0 0 0 0 0 0 0 0 0 1
1 0 0 0 0 0 0 0 0 0 0 0 0 0 0 0 0 0 0 0 0 0 0 0 0 0 0 0 0 0 0 1
1 0 1 1 1 0 0 0 0 1 1 1 0 0 0 0 0 0 0 0 1 1 1 0 0 0 0 1 1 1 0 1
1 1 1 1 1 1 0 0 1 1 1 1 1 0 0 0 0 0 0 1 1 1 1 1 0 0 1 1 1 1 1 1
1 0 0 0 0 0 0 0 0 0 0 0 0 0 0 0 0 0 0 0 0 0 0 0 0 0 0 0 0 0 0 1 
1 0 0 0 0 0 0 0 0 0 0 0 0 0 0 0 0 0 0 0 0 0 0 0 0 0 0 0 0 0 0 1
1 0 1 1 1 0 0 0 0 1 1 1 0 0 0 0 0 0 0 0 1 1 1 0 0 0 0 1 1 1 0 1
1 1 1 1 1 1 0 0 1 1 1 1 1 0 0 0 0 0 0 1 1 1 1 1 0 0 1 1 1 1 1 1
1 1 0 0 0 0 0 0 0 0 0 0 0 0 0 0 0 0 0 0 0 0 0 0 0 0 0 0 0 0 1 1
1 1 0 0 0 0 0 0 0 0 0 0 0 0 0 0 0 0 0 0 0 0 0 0 0 0 0 0 0 0 1 1
1 1 1 1 1 1 1 1 1 1 1 1 0 0 0 0 0 0 0 0 1 1 1 1 1 1 1 1 1 1 1 1
1 1 1 1 1 1 1 1 1 1 1 1 0 0 0 0 0 0 0 0 1 1 1 1 1 1 1 1 1 1 1 1
NPC
2 12 8 4 钦鎏仙杰, 如此用心险恶的李洵啊...
NextScript
14/17
宿舍夜.txt
脚本36.txt
Dialogue
0
0/0/钦鎏仙杰..
0/84/何事?怎么不回去休息呢?
0/0/这次真的是了解了前前后后的故事了..
0/84/说与我听.
0/7/是李洵策划了这一切阴谋,企图引起四派之间的内斗,好使得他的福威镖局从中受益,再一统金大,纳入自家旗下!
0/44/我们..都在循着他的圈套..一步步走着..受害者不光光是软件堂..商塔也是..文学谷也是..整个金大都是..他的女友碧瑶更是...
0/84/此人果然深不可测..四派之间本就存在小小的摩擦,他所做的,就是点燃了这根导火索啊...
0/15/下一步应该怎么办?
0/86/事已至此...
0/84/已经无法扭转僵局,只好硬着头皮上去比武了...
0/19/只能这样吗...
0/84/别无他法.小凡,靠你了..
0/11/....
0/4/好的..我会尽力..
0/43/仙杰..定然不负所托!!
0/84/这里,是我堂独家特制的三件武器,三套盔甲,你们拿上吧.
0/10/这..
0/84/拿上!莫要推辞.
0/0/谢仙杰!
0/84/我会派人去彻查李洵的所作所为,在明天的武林大会上一举拆穿他的真面目!
0/84/汝等!便只管放手去战!
0/7/是!
#
Exit
1
12 19/13 19/14 19/15 19/16 19/17 19/18 19/19 19
4/50
大地图夜.txt
Music
任务完成.mp3
Role
1 0 1
Task
现在也只能回宿舍休息了