门主堂.png
32/20
1 1 1 1 1 1 1 1 1 1 1 1 1 1 1 1 1 1 1 1 1 1 1 1 1 1 1 1 1 1 1 1 
1 1 1 1 1 1 1 1 1 1 1 1 1 1 1 1 1 1 1 1 1 1 1 1 1 1 1 1 1 1 1 1 
1 1 1 1 1 1 1 1 1 1 1 1 1 1 1 1 1 1 1 1 1 1 1 1 1 1 1 1 1 1 1 1 
0 0 0 0 0 0 0 0 0 0 0 0 0 0 0 0 0 0 0 0 0 0 0 0 0 0 0 0 0 0 0 1 
0 0 0 0 0 0 0 0 0 0 0 0 0 0 0 0 0 0 0 0 0 0 0 0 0 0 0 0 0 0 0 1 
0 1 0 0 0 0 0 0 0 0 0 0 0 0 0 0 0 0 0 0 0 0 0 0 0 0 0 0 0 0 0 0 
0 1 0 0 0 0 0 0 0 0 0 0 0 0 0 0 0 0 0 0 0 0 0 0 0 0 0 0 0 0 0 0 
0 0 0 0 0 0 1 1 1 0 0 0 0 1 1 1 0 0 0 0 0 1 1 1 0 0 0 0 0 0 0 0 
0 0 0 0 0 0 1 1 1 0 0 0 0 1 1 1 0 0 0 0 0 1 1 1 0 0 0 0 0 0 0 0 
0 0 0 0 0 0 0 0 0 0 0 0 0 0 0 0 0 0 0 0 0 0 0 0 0 0 0 0 0 0 0 0 
0 0 0 0 0 0 0 0 0 0 0 0 0 0 0 0 0 0 0 0 0 0 0 0 0 0 0 0 0 0 0 0 
0 0 0 0 0 0 0 0 0 0 0 0 0 0 0 0 0 0 0 0 0 0 0 0 0 0 0 0 0 0 0 0 
0 0 0 0 0 0 1 1 1 0 0 0 0 1 1 1 0 0 0 0 0 1 1 1 0 0 0 0 0 0 0 0 
0 0 0 0 0 0 1 1 1 0 0 0 0 1 1 1 0 0 0 0 0 1 1 1 0 0 0 0 0 0 0 0 
0 0 0 0 0 0 0 0 0 0 0 0 0 0 0 0 0 0 0 0 0 0 0 0 0 0 0 0 0 0 0 0 
0 0 0 0 0 0 0 0 0 0 0 0 0 0 0 0 0 0 0 0 0 0 0 0 0 0 0 0 0 0 0 0 
0 0 0 0 0 0 0 0 0 0 0 0 0 0 0 0 0 0 0 0 0 0 0 0 0 0 0 0 0 1 1 1 
0 0 0 0 0 1 0 0 0 1 0 0 0 0 0 0 0 0 1 0 1 0 0 0 1 0 0 0 1 1 1 1 
0 0 0 0 0 1 0 0 0 1 0 0 0 0 0 0 0 0 1 0 1 0 0 0 1 0 0 0 1 0 0 0 
1 1 1 1 1 1 1 1 1 1 1 1 1 1 1 1 1 1 1 1 1 1 1 1 1 1 1 1 1 1 1 1
NPC
2 15 5 5 道蓄真人 多亏了你呀,小凡!
NextScript
37/64
大地图.txt
脚本19.txt
Dialogue
-1/0
0/21/剑斩肉身,心斩灵魂.
0/22/龙心....
0/22/你究竟在哪...
#
0/0/掌门...
0/21/小凡,何事?
0/20/是钦鎏仙杰交给我的任务...
0/21/让你去探查龙心下落吗?
0/0/是..
0/21/把发现都说与我听.
0/10/龙心的确为物理阁,商塔中人物所窃,他们打算利用校庆上的比武大赛,一举击垮软件堂,大煞软件堂的威风.而我方,也出现了内奸,正是教头之一的缘铭道者.
0/46/在我们发现了他的秘密后,发生了一场恶战,他也已经永远阖上了眼睛.
0/22/...
0/21/门派发生此事,乃是我之大过..
0/21/若苍天有眼,愿将一切劫难降于我身,佑我之堂安渡此灾.
0/36/掌门..不必如此..这不是你的过错..
0/39/我们不会让掌门一人承担这些的,软件堂的弟子必会团结一心,上下合力,佑我之堂!
0/0/是的,掌门,不必灰心.我们刚刚去过藏经仙阁,已说服文学谷掌门,与我堂结盟,齐力对抗物理阁与商塔.
0/21/如此甚好,汝等三人若能走一趟【商塔道馆】,刺探一下他们在比武大赛上的计划,便更好了.
0/0/一切听从掌门安排.
#
Exit
1
12 18/13 18/14 18/15 18/16 18/17 18
9/9
基础实验楼乙五层.txt
Music
伤感2.mp3
Role
1 1 1
Task
商塔，应该是位于练武场的北面吧