宿舍.png
32/20
1 1 1 1 1 1 1 1 1 1 1 1 1 1 1 1 1 1 1 1 1 1 1 1 1 1 1 1 1 1 1 1
1 1 1 1 1 1 1 1 1 1 1 1 1 1 1 1 1 1 1 1 1 1 1 1 1 1 1 1 1 1 1 1
1 1 1 1 1 1 0 0 1 1 0 0 1 1 0 0 1 1 0 0 1 1 0 0 1 1 1 1 1 1 1 1 
1 1 1 1 1 1 1 1 1 0 0 0 0 0 0 0 0 0 0 0 0 0 1 1 1 1 1 1 0 1 1 1 
1 1 1 0 0 0 0 0 0 0 0 0 0 0 0 0 0 0 0 0 0 0 0 0 1 1 0 0 0 1 1 1
1 1 1 1 0 0 0 0 0 0 0 0 0 0 0 0 0 0 0 0 0 0 0 0 0 0 0 0 1 1 1 1
1 1 1 1 0 1 1 1 0 0 0 0 0 0 0 0 0 0 0 0 0 0 0 0 1 1 1 0 1 1 1 1
0 0 0 0 0 0 1 0 0 0 0 0 0 0 0 1 0 0 0 0 0 0 0 0 0 1 0 0 0 0 0 0
1 0 1 0 0 0 0 0 0 0 0 0 0 0 0 1 0 0 0 0 0 0 0 0 0 0 0 0 0 1 0 1 
0 0 0 0 0 0 0 0 0 0 0 0 0 0 1 1 1 0 0 0 0 0 0 0 0 0 0 0 0 0 0 0 
1 1 1 1 1 1 1 1 1 0 0 0 1 0 1 1 1 0 1 0 0 0 1 1 1 1 1 1 0 1 1 1
1 1 1 0 0 1 1 0 0 0 0 0 0 0 0 0 0 0 0 0 0 0 0 0 1 1 0 0 0 1 1 1
1 1 1 1 0 0 0 0 0 0 0 0 0 0 0 1 0 0 0 0 0 0 0 0 0 0 0 0 1 1 1 1
1 1 1 1 0 1 1 1 0 0 0 0 0 0 0 1 0 0 0 0 0 0 0 0 1 1 1 0 1 1 1 1
1 0 0 0 0 0 1 0 0 0 0 0 0 0 0 0 0 0 0 0 0 0 0 0 0 1 0 0 0 0 0 1
1 0 1 0 0 0 0 0 0 0 0 0 0 0 0 0 0 0 0 0 0 0 0 0 0 0 0 0 0 1 0 1
1 1 0 1 1 1 1 1 1 0 1 0 0 0 0 0 0 0 0 1 0 0 0 1 1 1 1 1 1 0 1 1  
1 1 0 1 1 1 1 1 1 0 1 0 0 0 0 0 0 0 0 1 0 0 0 1 1 1 1 1 1 0 1 1
1 1 1 1 1 1 1 1 1 1 1 1 1 1 0 0 1 1 1 1 1 1 1 1 1 1 1 1 1 1 1 1
1 1 1 1 1 1 1 1 1 1 1 1 1 1 0 0 1 1 1 1 1 1 1 1 1 1 1 1 1 1 1 1
NPC
0 12 8 宋大仁.png 不知道钦鎏仙杰这次要交代什么东西给你呢...还是快一点去【仙一】吧!
NextScript
16/17
仙一102.txt
脚本5.txt
Dialogue
-1
0/59/小凡!!你可回来了!
0/5/嘻嘻,怎么了?有什么要紧事找我吗?大仁兄.
0/62/那是咯,这不刚刚下了课,钦鎏仙杰就来找我了.
0/19/钦鎏仙杰可是我们软件堂的元老之一,是爪哇学派的教头啊,找你有什么事情呀?
0/59/哪是找我有事呀,是找你有事,叫我通知你赶快去一趟【仙一102】教室,他在那边等着你了.
0/16/钦鎏仙杰要找我?..多半不是什么好事情吧..难道是抓我上次逃课陪陆雪琪去爬栖霞山的事情?
0/59/咳,这我哪知道啊,不过看他焦急的神情,恐怕不是这种不足挂齿的小事吧...
0/15/焦急的神情?那看来我的赶紧过去一趟了.【仙一102】是吗?
0/59/对的.
#
Exit
1
14 19/15 19
4/23
大地图.txt
Music
欢乐的宿舍.mp3
Role
1 1 0
Task
快去仙一102，钦鎏仙杰在找你