√‘π¨1.png
32/20
1 1 1 1 0 0 1 1 1 1 1 1 1 1 1 0 0 0 0 0 0 0 1 1 1 1 1 0 0 1 1 0
1 1 1 1 0 0 1 1 1 1 1 1 1 1 1 0 0 0 0 0 0 0 1 1 1 1 1 0 0 1 1 0 
1 1 1 1 0 0 1 1 1 1 1 1 1 1 1 0 0 0 0 0 0 0 1 1 1 1 1 0 0 1 1 0 
1 1 1 1 0 0 1 1 1 1 1 1 1 1 1 0 0 1 1 0 0 0 1 1 1 1 1 0 0 1 1 0 
1 1 1 1 0 0 1 1 1 1 1 1 1 1 1 0 0 1 1 0 0 0 1 1 1 1 1 0 0 1 1 0 
1 1 1 1 0 0 0 0 0 0 0 0 0 0 1 0 0 1 1 0 0 0 1 1 1 1 1 0 0 1 1 0 
1 1 1 1 0 0 0 0 0 0 0 0 0 0 1 0 0 1 1 0 0 0 1 1 1 1 1 0 0 1 1 0 
1 1 0 0 0 1 1 1 1 1 1 1 1 0 1 0 0 1 1 0 0 0 0 0 0 0 0 0 0 0 0 0 
1 1 0 0 0 1 0 0 0 0 0 1 1 0 1 0 0 1 1 0 0 0 0 0 0 0 0 0 0 0 0 0 
1 1 0 0 0 1 0 1 1 1 0 1 1 0 1 1 1 1 1 0 0 0 1 1 1 1 0 1 1 1 1 1 
1 1 0 0 0 1 0 1 0 1 0 1 1 0 0 0 1 1 1 0 0 0 1 1 1 1 0 1 1 1 1 1 
1 1 0 0 0 1 0 1 0 1 0 0 1 0 0 0 1 1 1 0 0 0 1 1 1 1 0 1 1 1 1 1 
1 1 0 0 0 1 0 1 0 1 0 0 1 0 1 0 1 1 1 0 0 0 1 1 1 1 0 1 1 1 1 1 
1 1 0 0 0 1 0 1 0 1 1 0 1 0 1 0 1 1 1 0 0 0 1 0 0 0 0 1 1 1 1 1 
1 1 0 0 0 1 0 0 0 1 1 0 1 0 1 0 0 0 1 0 0 0 1 0 0 0 0 1 1 1 1 1 
1 1 0 0 0 1 1 1 1 1 1 0 1 0 1 0 1 0 0 0 0 0 1 0 0 0 0 1 1 1 1 1 
1 1 0 0 0 0 0 0 0 0 0 0 1 0 1 0 1 0 0 1 1 1 1 0 0 0 0 1 1 1 1 1 
1 0 0 0 0 0 0 0 0 0 0 0 1 0 0 0 1 0 0 0 0 0 0 0 1 1 0 1 1 1 1 1 
1 0 0 0 0 1 1 1 1 1 1 1 1 1 1 1 1 0 0 0 0 0 0 0 1 1 0 1 1 1 1 1 
0 0 0 0 0 1 1 1 1 1 1 1 1 1 1 1 1 1 1 1 1 1 1 1 1 1 0 1 1 1 1 1
Fight
0
image\±≥æ∞Õº\∑¸ƒß…Ω ˜¡÷.png zhang yu lu π÷ŒÔ1/5 π÷ŒÔ2/6 π÷ŒÔ2/7
image\±≥æ∞Õº\∫⁄…´±≥æ∞.png zhang yu null π÷ŒÔ1/5 π÷ŒÔ2/6 π÷ŒÔ2/7
#
Exit
1
31 0
9/36
¥ÛµÿÕº.txt
TreasureBox
15/5 ¡È÷•≤›
4/17 Ω¥Ø“©
#
Music
¥Û√‘π¨4.mp3