食堂.png
32/20
1 1 1 1 1 1 1 1 1 1 1 1 1 1 1 1 1 1 1 1 1 1 1 1 1 1 1 1 1 1 1 1
1 1 1 1 1 1 1 1 1 1 1 1 1 1 1 1 1 1 1 1 1 1 1 1 1 1 1 1 1 1 1 1
1 1 1 1 1 1 1 1 1 1 1 1 1 1 1 1 1 1 1 1 1 1 1 1 1 1 1 1 1 1 1 1
1 0 1 1 1 0 0 1 1 1 0 0 1 1 1 0 0 1 1 1 0 0 1 1 1 0 0 1 1 1 0 1
1 1 0 0 0 0 0 0 0 0 0 0 0 0 0 0 0 0 0 0 0 0 0 0 0 0 0 0 0 0 1 1
1 1 0 0 0 0 0 0 0 0 0 0 0 0 0 0 0 0 0 0 0 0 0 0 0 0 0 0 0 0 1 1
1 0 1 1 1 0 0 0 0 1 1 1 0 0 0 0 0 0 0 0 1 1 1 0 0 0 0 1 1 1 0 1
1 1 1 1 1 1 0 0 1 1 1 1 1 0 0 0 0 0 0 1 1 1 1 1 0 0 1 1 1 1 1 1 
1 0 0 0 0 0 0 0 0 0 0 0 0 0 0 0 0 0 0 0 0 0 0 0 0 0 0 0 0 0 0 1
1 0 0 0 0 0 0 0 0 0 0 0 0 0 0 0 0 0 0 0 0 0 0 0 0 0 0 0 0 0 0 1
1 0 1 1 1 0 0 0 0 1 1 1 0 0 0 0 0 0 0 0 1 1 1 0 0 0 0 1 1 1 0 1
1 1 1 1 1 1 0 0 1 1 1 1 1 0 0 0 0 0 0 1 1 1 1 1 0 0 1 1 1 1 1 1
1 0 0 0 0 0 0 0 0 0 0 0 0 0 0 0 0 0 0 0 0 0 0 0 0 0 0 0 0 0 0 1 
1 0 0 0 0 0 0 0 0 0 0 0 0 0 0 0 0 0 0 0 0 0 0 0 0 0 0 0 0 0 0 1
1 0 1 1 1 0 0 0 0 1 1 1 0 0 0 0 0 0 0 0 1 1 1 0 0 0 0 1 1 1 0 1
1 1 1 1 1 1 0 0 1 1 1 1 1 0 0 0 0 0 0 1 1 1 1 1 0 0 1 1 1 1 1 1
1 1 0 0 0 0 0 0 0 0 0 0 0 0 0 0 0 0 0 0 0 0 0 0 0 0 0 0 0 0 1 1
1 1 0 0 0 0 0 0 0 0 0 0 0 0 0 0 0 0 0 0 0 0 0 0 0 0 0 0 0 0 1 1
1 1 1 1 1 1 1 1 1 1 1 1 0 0 0 0 0 0 0 0 1 1 1 1 1 1 1 1 1 1 1 1
1 1 1 1 1 1 1 1 1 1 1 1 0 0 0 0 0 0 0 0 1 1 1 1 1 1 1 1 1 1 1 1 
NPC
2 25 9 5 文敏 今天吃点什么呢，其实我是个吃货。。。/1 24 4 1 10 8 厨师1 我是金陵御膳房第一厨师,我做的菜保证您满意。;呦小兄弟,你这个点来食堂,饭还没做好呐,稍等一会吧。/1 7 5 9 11 8 厨师2 我是一个快乐的烤面包师，我要烤出整个江湖最好吃的金陵香面包。;大麦面包好呢，还是小麦面包好呢。/2 24 16 4 打坐的文院男 打坐练得是一个人的心境,所以我选择在食堂这样嘈杂的环境下打坐。;耐得住寂寞，才拥得了繁华。小兄弟,求学之路不易啊。/2 20 12 11 文学谷文斐师兄 落霞与孤鹜齐飞，秋水共长天一色.恩，不错，不错。;春宜绘墨，秋宜操琴。心情好的话，我文院才子，就做诗一首吧。哈哈哈哈!/1 16 16 1 10 8 物理阁阿强 我物理阁才是天下第一，软件堂算个屁。;我觉得吧，没有人比我帅了。。。/2 25 9 5 文敏 今天吃点什么呢，其实我是个吃货。。。/
SelectQuestion
1
范厨师 ：你要是吃货，就来回答个问题吧~！
“你才吃货！放马过来吧！”
“啊・・我不是・・我不回答・・！”
Question
我神州大地菜系可谓种类繁多，各有各的特点，
所以说嘛・・吃货是这个世界上最幸福的一群人啊
哈哈哈哈・・扯远了，听题：
下面那一项不属于八大菜系：
A.鲁菜
B.浙菜
C.湘菜
D.豫菜
Answer
7
答案为  D.豫菜
范厨师：恩，看，当个有文化的吃货还是很难得吧~
范厨师：哈哈哈・・・・果然是个标准的吃货啊~~~
#
Exit
1
12 19/13 19/14 19/15 19/16 19/17 19/18 19/19 19
4/50
大地图.txt
Music
欢乐.mp3